STARLINK-1332           
1 45579U 20025BA  24071.30346672  .00002023  00000+0  15465-3 0  9994
2 45579  53.0545  66.6341 0001484  87.0527 273.0632 15.06407553216284
STARLINK-1333           
1 45580U 20025BB  24071.43524311  .00000518  00000+0  53651-4 0  9995
2 45580  53.0543 115.8786 0001576  97.6442 262.4726 15.06394878215605
STARLINK-1335           
1 45581U 20025BC  24071.37348076  .00001098  00000+0  92604-4 0  9996
2 45581  53.0534 106.1558 0001380  89.1853 270.9294 15.06403913215730
STARLINK-1337           
1 45582U 20025BD  24071.39557363  .00007446  00000+0  51765-3 0  9995
2 45582  53.0531 106.0547 0001275  81.2236 278.8897 15.06443131215738
STARLINK-1340           
1 45583U 20025BE  24071.58335648  .01298455  00000+0  49101-1 0  9999
2 45583  53.0521 104.6099 0001401  76.5184 274.3615 15.23390994215178
STARLINK-1347           
1 45586U 20025BH  24071.38822096  .00000524  00000+0  54035-4 0  9990
2 45586  53.0541 106.0899 0001337  94.9660 265.1482 15.06407190215727
STARLINK-1349           
1 45587U 20025BJ  24071.35874742 -.00000567  00000+0 -19201-4 0  9998
2 45587  53.0541 106.2204 0001522  88.5050 271.6114 15.06398172215732
STARLINK-1360           
1 45588U 20025BK  24071.53567963  .00010809  00000+0  74349-3 0  9994
2 45588  53.0535 105.4258 0001371  75.2180 284.8961 15.06396722215752
STARLINK-1364           
1 45589U 20025BL  24071.39930013  .00000914  00000+0  80251-4 0  9995
2 45589  53.0545 106.0369 0001368  89.9285 270.1861 15.06389057215736
STARLINK-1365           
1 45590U 20025BM  24071.48129251  .00003059  00000+0  22409-3 0  9994
2 45590  53.0528 135.6727 0001293  80.6761 279.4374 15.06408127215347
STARLINK-1441           
1 45658U 20035B   24071.58335648  .01397405  00000+0  23215-1 0  9996
2 45658  53.0550  92.3618 0001438  66.1298 292.1529 15.48881380  5815
STARLINK-1442           
1 45659U 20035C   24071.58335648  .01426289  00000+0  15094-1 0  9996
2 45659  53.0512  90.8172 0001372  71.0046 329.7367 15.60742696  5812
STARLINK-1443           
1 45660U 20035D   24071.33387076  .00002134  00000+0  16213-3 0  9997
2 45660  53.0535  96.3304 0001452  93.2101 266.9054 15.06400218208950
STARLINK-1444           
1 45661U 20035E   24071.34495127  .00020800  00000+0  11937-2 0  9993
2 45661  53.0535  94.1231 0002562  10.4102 349.6942 15.12524020208984
STARLINK-1445           
1 45662U 20035F   24071.36704131  .00002091  00000+0  15925-3 0  9998
2 45662  53.0528  96.1833 0001250  94.5048 265.6084 15.06394829208958
STARLINK-1446           
1 45663U 20035G   24071.37073209 -.00000139  00000+0  95618-5 0  9996
2 45663  53.0535  96.1659 0001297  90.5895 269.5243 15.06390307208957
STARLINK-1448           
1 45665U 20035J   24071.33754100  .00001902  00000+0  14648-3 0  9990
2 45665  53.0531  96.3131 0001461  97.6138 262.5017 15.06411784208947
STARLINK-1449           
1 45666U 20035K   24071.34692878  .00021366  00000+0  12023-2 0  9995
2 45666  53.0544  93.5305 0002288  33.2499 326.8637 15.13214936208982
STARLINK-1450           
1 45667U 20035L   24071.34397597  .00002499  00000+0  18657-3 0  9992
2 45667  53.0533  96.3145 0001274  98.6812 261.4321 15.06402536208949
STARLINK-1451           
1 45668U 20035M   24071.34126340  .00001057  00000+0  89826-4 0  9995
2 45668  53.0535  96.6155 0001480  92.2425 267.8734 15.06412291208953
STARLINK-1452           
1 45669U 20035N   24071.35965781 -.00001059  00000+0 -52223-4 0  9992
2 45669  53.0542  96.2153 0001366  84.0504 276.0641 15.06395426208955
STARLINK-1453           
1 45670U 20035P   24071.21867755  .00001193  00000+0  98987-4 0  9995
2 45670  53.0540  66.8459 0001414  83.3737 276.7413 15.06401547209240
STARLINK-1454           
1 45671U 20035Q   24071.36335811  .00001330  00000+0  10817-3 0  9993
2 45671  53.0532  96.1989 0001357  88.0724 272.0421 15.06392355208940
STARLINK-1455           
1 45672U 20035R   24071.30713487  .00002393  00000+0  17939-3 0  9999
2 45672  53.0541  66.4535 0001526  90.4818 269.6346 15.06416083209367
STARLINK-1456           
1 45673U 20035S   24071.37809174 -.00001991  00000+0 -11480-3 0  9996
2 45673  53.0529  96.1318 0001626  79.3496 280.7676 15.06392874208968
STARLINK-1457           
1 45674U 20035T   24071.31911702  .00001111  00000+0  93427-4 0  9996
2 45674  53.0533  96.4011 0001342  85.6402 274.4740 15.06403101208923
STARLINK-1458           
1 45675U 20035U   24071.37440679  .00005399  00000+0  38116-3 0  9998
2 45675  53.0525  96.1497 0001213  90.4881 269.6246 15.06388333208928
STARLINK-1460           
1 45676U 20035V   24071.34491803  .00004613  00000+0  32832-3 0  9998
2 45676  53.0520  96.2845 0001311  91.5070 268.6069 15.06402996208916
STARLINK-1392           
1 45677U 20035W   24071.35598527  .00002066  00000+0  15753-3 0  9994
2 45677  53.0529  96.2327 0001329  91.2870 268.8271 15.06399439208953
STARLINK-1393           
1 45678U 20035X   24071.34952427  .00000773  00000+0  70784-4 0  9996
2 45678  53.0531  86.2644 0001453  91.0041 269.1114 15.06409969209078
STARLINK-1394           
1 45679U 20035Y   24071.35321058  .00002139  00000+0  16246-3 0  9998
2 45679  53.0530  86.2474 0001457  94.7373 265.3782 15.06404284209097
STARLINK-1395           
1 45680U 20035Z   24071.36057756  .00001634  00000+0  12855-3 0  9993
2 45680  53.0540  86.2106 0001494  78.7644 281.3513 15.06412056209081
STARLINK-1396           
1 45681U 20035AA  24071.29244442  .00064274  00000+0  24164-2 0  9990
2 45681  53.0442  71.0804 0007265  75.6421 284.5382 15.26556473209309